23 23 23 23 23 23 23 23 23 23 23 23 23 23 23 23 23 23 23 23 23 23 23 23 23 23 23 23 23 23 23 7 1 7 21 21 21 21 23 23 23 21 23 23 23 23 23 23 23 23 
23 21 21 21 21 21 21 21 21 21 21 21 21 21 21 21 21 21 21 21 21 21 21 21 21 21 21 21 21 21 21 21 21 23 21 21 21 21 23 21 23 21 23 21 21 21 21 21 21 23 
23 21 21 21 21 21 21 21 21 21 21 21 21 21 21 21 21 21 21 21 21 21 21 21 21 21 21 21 21 21 21 21 21 23 21 21 21 21 23 21 23 21 23 21 23 23 23 23 21 23 
23 21 21 21 21 21 21 21 21 21 21 21 21 21 21 21 21 21 21 21 21 21 21 21 21 21 21 21 21 21 21 21 21 23 21 21 21 21 23 21 23 21 23 21 23 21 21 23 21 23 
23 21 21 21 21 21 21 21 21 21 21 21 21 21 21 21 21 23 23 23 23 23 23 23 23 23 23 23 23 23 23 23 23 23 21 21 21 21 23 21 23 21 23 21 23 21 21 23 21 23 
23 21 21 21 21 21 21 21 21 21 21 21 21 21 21 21 21 23 23 23 23 23 23 23 23 23 23 23 23 23 23 23 23 21 21 21 21 21 23 21 23 21 23 21 23 21 21 23 21 23 
23 21 21 21 21 21 21 21 21 21 21 21 21 21 21 21 21 23 23 21 21 21 21 21 21 21 21 21 21 21 21 21 23 21 21 21 21 21 23 21 23 21 23 21 23 21 21 23 23 23 
23 21 21 21 21 21 21 21 21 23 23 23 23 23 23 23 23 23 23 21 23 23 23 23 23 23 23 23 23 23 23 21 23 21 21 21 21 21 23 21 23 21 23 21 23 21 21 21 21 21 
23 23 23 23 23 23 23 23 21 23 21 21 21 21 21 21 21 21 23 21 23 21 21 21 21 21 21 21 21 21 23 21 23 23 23 23 23 23 23 21 23 21 23 21 23 21 21 21 21 21 
21 21 21 21 21 21 21 23 21 23 21 21 21 21 21 21 21 21 23 21 23 21 21 21 21 21 21 21 21 21 23 21 21 21 21 21 21 21 21 21 23 21 23 21 23 21 21 21 21 21 
23 23 23 23 23 23 21 23 21 23 21 21 21 21 21 21 21 21 23 21 23 21 21 21 21 21 21 21 21 21 23 23 23 23 23 23 23 23 23 23 23 21 23 21 23 21 21 21 21 21 
23 21 21 21 21 23 21 23 21 23 21 21 21 21 21 21 21 21 23 21 23 21 21 21 21 21 21 21 21 21 21 21 21 21 21 21 21 21 21 21 21 21 23 21 23 21 21 21 21 21 
23 21 23 23 21 23 21 23 21 23 21 21 21 21 21 21 21 21 23 21 23 21 21 21 21 24 24 24 24 24 24 24 24 24 24 24 24 24 24 24 24 23 23 21 24 24 24 24 24 24 
23 21 23 23 21 23 21 23 21 23 21 23 23 23 23 23 23 23 23 21 23 23 23 23 23 24 21 21 21 21 21 21 21 21 21 21 21 21 21 21 21 21 21 21 21 21 21 21 21 24 
23 21 23 23 21 23 21 23 21 23 21 23 21 21 21 21 21 21 21 21 21 21 21 21 21 21 21 21 3 3 3 3 3 3 3 3 21 21 21 21 21 21 21 21 21 21 21 21 21 24 
23 21 23 23 21 23 23 23 21 23 23 23 21 23 23 23 23 23 23 23 23 23 23 23 23 24 21 21 3 2 2 2 2 2 2 3 21 21 21 21 21 21 21 21 21 21 21 21 21 24 
23 21 23 23 21 21 21 21 21 21 21 21 21 23 21 21 21 21 21 21 21 21 21 21 21 24 21 21 3 2 2 2 2 2 2 3 21 21 21 21 21 21 21 21 21 21 21 21 21 24 
23 21 23 23 23 23 23 23 23 23 23 23 23 23 21 21 21 21 21 21 21 21 21 21 21 24 21 21 3 2 2 2 2 2 2 3 21 21 21 21 21 21 21 21 21 21 21 21 21 24 
23 21 23 21 21 21 21 21 21 21 21 21 21 21 21 21 21 21 21 21 21 21 21 21 21 24 21 21 3 2 2 2 2 2 2 3 21 21 21 21 21 21 21 21 21 21 21 21 21 24 
23 21 23 21 21 21 21 21 21 21 21 21 21 21 21 21 21 21 21 21 21 21 21 21 21 24 21 21 3 2 2 2 2 2 2 3 21 21 21 21 21 21 21 21 21 21 21 21 21 24 
23 21 23 24 24 24 24 24 24 24 24 24 24 24 24 24 24 24 24 24 24 24 24 24 21 24 21 21 3 3 3 3 3 3 3 3 21 21 21 21 21 21 21 21 21 21 21 21 21 24 
23 21 23 24 21 21 21 21 21 21 21 21 21 21 21 21 21 21 21 21 21 21 21 24 21 24 21 21 21 21 21 21 21 21 21 21 21 21 21 21 21 21 21 21 21 21 21 21 21 24 
23 21 23 24 21 24 24 24 24 24 24 24 24 24 24 24 24 24 24 24 24 24 24 24 21 24 24 24 24 24 24 24 24 24 24 24 24 21 21 21 21 21 21 21 21 21 21 21 21 24 
23 21 23 24 21 24 21 21 21 21 21 21 21 21 21 21 21 21 21 21 21 21 21 21 21 21 21 21 21 21 21 21 21 21 21 21 24 21 21 21 21 21 21 21 21 21 21 24 24 24 
23 21 23 24 21 24 21 24 24 24 24 24 24 24 24 24 24 24 24 24 24 24 24 24 24 21 24 24 24 24 23 23 23 23 23 21 24 21 21 21 21 21 21 21 21 21 21 24 21 21 
23 21 23 24 21 24 21 24 21 21 21 21 21 21 21 21 21 21 21 21 21 21 21 21 24 21 24 21 21 21 21 21 21 21 23 21 24 21 21 21 21 21 21 21 21 21 21 24 21 21 
23 21 23 24 21 24 21 24 21 24 24 24 24 24 24 24 24 24 24 24 24 24 24 21 24 21 24 21 24 24 23 23 23 21 23 21 24 21 21 21 21 21 21 21 21 21 21 24 21 21 
23 21 23 24 21 24 21 24 21 24 21 21 21 21 21 21 21 21 21 21 21 21 24 21 24 21 24 21 24 21 21 21 23 21 23 21 24 21 21 21 21 21 21 21 21 21 21 24 21 21 
23 21 23 24 21 24 21 24 21 24 21 21 21 21 21 21 21 21 21 21 21 21 24 21 24 21 24 21 24 21 21 21 23 21 23 21 24 21 21 21 21 21 21 21 21 21 21 24 21 21 
23 21 23 24 21 24 21 24 21 24 21 21 21 21 21 21 21 21 21 21 21 21 24 21 24 21 24 21 24 21 21 21 23 21 23 21 24 21 21 21 21 21 21 21 21 21 21 24 21 21 
23 21 23 24 21 24 21 24 21 24 21 21 21 21 21 21 21 21 21 21 21 21 24 21 24 21 24 21 24 21 21 21 23 21 23 21 24 21 21 21 21 21 21 21 21 21 21 24 21 21 
23 21 23 24 21 24 21 24 21 24 21 21 21 21 21 21 21 21 21 21 21 21 24 21 24 24 24 21 24 21 21 21 23 21 23 21 24 24 24 24 24 24 21 21 21 21 21 24 21 21 
23 21 23 24 21 24 21 24 21 24 24 24 24 24 24 24 24 24 24 24 24 21 24 21 21 21 21 21 24 21 21 21 23 21 23 21 21 21 21 21 21 24 21 21 21 21 21 24 21 21 
23 21 23 24 21 24 21 24 21 21 21 21 21 21 21 21 21 21 21 21 24 21 24 24 24 24 24 24 24 21 21 21 23 21 23 23 23 23 23 23 21 24 21 21 21 21 21 24 21 21 
23 21 23 24 21 24 21 24 24 24 24 24 24 24 24 24 24 24 24 21 24 21 21 21 21 21 21 21 21 21 21 21 23 21 21 21 21 21 21 23 21 24 21 21 21 21 21 24 21 21 
23 21 23 24 21 24 21 21 21 21 21 21 21 21 21 21 21 21 24 21 24 21 21 21 21 21 21 21 21 21 21 21 24 21 23 23 23 23 21 23 21 24 24 24 24 24 21 24 21 21 
23 21 23 24 21 24 24 24 24 24 24 24 24 24 24 24 24 24 24 21 23 23 23 23 23 23 23 23 23 23 21 21 24 21 23 21 21 23 21 23 21 21 21 21 21 24 21 24 21 21 
23 21 23 24 21 21 21 21 21 21 21 21 21 21 21 21 21 21 21 21 21 21 21 21 21 21 21 21 21 23 21 21 24 21 23 21 21 23 21 23 23 23 23 23 23 24 21 24 21 21 
23 21 23 24 24 24 24 24 24 24 24 24 24 24 24 24 24 24 24 21 23 23 23 23 23 23 23 23 21 23 21 21 24 21 23 21 21 23 21 21 21 21 21 21 23 24 21 24 21 21 
23 21 23 21 21 21 21 21 21 21 21 21 21 21 21 21 21 21 25 21 25 21 21 21 21 21 21 23 21 23 21 21 24 21 23 21 21 23 23 23 23 23 23 21 23 24 21 24 21 21 
23 21 23 21 21 21 21 21 21 21 21 21 21 21 21 21 21 25 21 21 21 25 21 21 21 21 21 23 21 23 21 21 24 21 23 21 21 21 21 21 21 21 23 21 23 24 21 24 21 21 
23 21 23 23 23 23 23 23 23 23 23 23 23 23 21 21 25 21 21 21 21 21 25 21 21 21 21 23 21 23 21 21 24 21 23 23 23 23 23 23 23 23 23 21 23 24 21 24 21 21 
23 21 21 21 21 21 21 21 21 21 21 21 21 23 21 22 21 21 21 21 21 21 21 22 21 21 21 23 21 23 21 21 23 21 21 21 21 21 21 21 21 23 23 21 23 24 21 24 21 21 
23 23 23 23 23 23 23 23 23 21 23 23 23 23 21 22 21 21 21 21 21 21 21 22 21 21 21 23 21 23 21 21 23 23 23 23 23 23 23 23 21 23 23 21 23 24 21 24 21 21 
21 21 21 21 21 21 21 21 23 21 23 21 21 21 21 22 21 21 21 21 21 21 21 22 21 21 21 23 21 23 21 21 21 21 21 21 21 21 21 23 21 23 23 21 23 24 21 24 21 21 
21 21 21 21 21 21 21 21 23 21 23 21 21 21 21 22 21 21 21 21 21 21 21 22 21 21 21 23 21 23 23 23 23 23 23 23 23 23 23 23 21 23 23 21 23 24 21 24 21 21 
21 21 23 23 23 23 23 23 23 21 23 21 21 21 21 22 21 21 21 21 21 21 21 22 21 21 21 23 21 21 21 21 21 21 21 21 21 21 21 21 21 23 23 21 23 24 21 24 21 21 
21 21 23 21 21 21 21 21 21 21 23 21 21 21 21 22 21 21 21 21 21 21 21 22 21 21 21 23 23 23 23 23 23 23 23 23 23 23 23 23 23 23 23 21 21 21 21 24 21 21 
21 21 23 23 23 23 23 23 23 23 23 21 21 21 21 22 21 21 21 21 21 21 21 22 21 21 21 21 21 21 21 21 21 21 21 21 21 21 21 21 21 21 23 23 23 23 23 23 21 21 
21 21 21 21 21 21 21 21 21 21 21 21 21 21 21 22 7 7 7 1 7 7 7 22 21 21 21 21 21 21 21 21 21 21 21 21 21 21 21 21 21 21 21 21 21 21 21 21 21 21 
